%%MatrixMarket matrix coordinate real general
200 200 200
1 0.000572646 0.000390335
2 0.000378521 0.000729136
3 0.000596236 0.00087349
4 0.000755915 0.000591452
5 0.000542316 0.000638972
6 0.00021001 0.000567818
7 0.000322176 0.000742682
8 0.000261319 0.000914765
9 0.000464249 0.000558888
10 0.000234578 0.000481112
11 5.58905e-05 0.000281647
12 0.0006475 0.000457531
13 0.000725937 0.000756456
14 0.000759366 0.000587783
15 0.000879128 0.000428433
16 0.000681362 0.000584756
17 0.00100256 0.000990562
18 0.000387582 1.81664e-05
19 0.000333006 0.000766367
20 0.000332741 0.000307809
21 0.00035944 4.54399e-05
22 0.000717686 7.45619e-05
23 0.000172582 0.000509418
24 0.000805217 0.000215756
25 0.000217486 0.000218243
26 2.09809e-05 0.000556008
27 0.000842767 0.00031791
28 0.000117827 0.000252191
29 0.000584314 0.000490606
30 0.000631075 0.000410733
31 0.000205207 0.000840924
32 0.000421144 0.000102072
33 0.000527414 0.000175245
34 0.000357296 0.000997637
35 0.00029469 0.00078564
36 0.00026665 0.000514398
37 0.000492623 0.00044206
38 0.000705744 0.000372151
39 0.000754465 0.000230211
40 0.000159172 0.000129706
41 0.00098192 6.19508e-05
42 0.000216423 0.000354211
43 0.000231881 0.000161464
44 0.000736046 0.000656758
45 0.000140829 0.000845718
46 0.000998014 0.000555242
47 0.000969603 4.47713e-05
48 0.000481641 0.000875947
49 5.76925e-05 0.000567771
50 0.000529318 0.000175516
51 0.000908548 0.0009045
52 0.000946495 0.000679557
53 0.000332688 0.000412105
54 0.000254201 0.000283131
55 0.000586038 0.000462542
56 0.000950584 0.000394227
57 0.000774966 0.000779997
58 0.000419624 0.000555981
59 0.000375447 6.50419e-05
60 0.000168434 0.000794164
61 0.000519801 0.000218632
62 0.000549996 0.000719624
63 0.000737518 0.000393415
64 0.000128595 0.000231079
65 0.000755632 0.000839954
66 0.000109605 6.93927e-05
67 0.000293817 0.000119243
68 0.000134728 0.000297553
69 0.000987602 0.000556632
70 0.000321423 7.86145e-05
71 0.000283266 0.000785972
72 0.00084358 0.000974548
73 0.000244323 0.000270366
74 4.93138e-05 0.000747063
75 0.000901177 7.88604e-06
76 0.000550636 0.000462881
77 0.000659302 0.000819192
78 0.000164687 0.000817875
79 3.07047e-05 0.000984631
80 0.000706451 0.000245685
81 0.000232075 0.000421014
82 0.000988665 0.000428162
83 0.000123723 0.000343057
84 0.000776814 0.000838137
85 0.000583478 0.000449763
86 0.000183021 0.000971687
87 0.00014658 0.000508015
88 0.000225627 3.76643e-05
89 3.41693e-05 0.000213429
90 0.000110183 0.000780031
91 0.000988296 0.000223205
92 0.000413763 4.22775e-05
93 0.000568671 0.000587602
94 0.000828659 0.000207824
95 0.000906141 0.000440136
96 0.00038197 0.000706425
97 0.000901609 0.000275202
98 0.000331496 0.000385701
99 0.000495002 0.000427301
100 0.000658417 0.000943064
101 8.31177e-05 0.000889606
102 0.000619449 2.77526e-06
103 0.000653854 0.000250523
104 0.000544194 0.000191692
105 0.000772848 0.000184331
106 6.61874e-05 0.000342127
107 0.000146286 0.000566094
108 0.000346993 0.000834991
109 0.000701617 5.20121e-06
110 0.000426772 0.000692345
111 0.000257153 0.000904221
112 0.000258085 0.000572957
113 0.000697611 0.000674626
114 0.000442327 0.000125683
115 0.00036756 0.000517308
116 0.000400778 0.000810834
117 0.000704939 0.000844061
118 0.00013614 2.94528e-05
119 2.25885e-05 0.000575124
120 0.000116454 0.000172619
121 0.000223969 0.000175719
122 0.00032454 0.000465967
123 0.000512685 0.000619938
124 0.000314335 0.00096608
125 0.000911929 0.000723832
126 0.000446886 0.000740219
127 0.00086935 9.69758e-05
128 0.000881514 0.000538223
129 0.000926395 0.000858766
130 0.000289414 0.000107774
131 0.00036435 0.000559258
132 0.000458044 0.000277941
133 0.000363257 0.000197351
134 0.000892552 5.08252e-05
135 0.000228394 0.000548392
136 0.000826916 0.000901092
137 0.000663131 0.00017217
138 0.000676868 5.04705e-05
139 0.000267056 0.000346701
140 0.00100861 0.000554256
141 0.000391161 0.000178903
142 0.000839742 0.000474497
143 0.000874027 0.000702555
144 0.000859683 0.000623068
145 0.000917993 0.000636887
146 0.00016579 0.000366933
147 5.93248e-05 1.81662e-06
148 0.000541919 0.000957593
149 0.000268734 0.000548654
150 0.000245903 0.000819336
151 0.000584991 0.000878858
152 0.000976594 0.000537929
153 0.00097462 0.000374057
154 0.00077964 0.000334705
155 0.00040217 0.000206231
156 0.000141187 0.000856119
157 0.000810099 0.000263318
158 0.000594116 0.000234552
159 0.000130047 0.000635772
160 0.000436576 0.000469968
161 0.000763228 0.000498962
162 6.09728e-05 0.000699424
163 0.000221073 0.000504499
164 0.000130763 0.000662296
165 0.000214869 0.00023361
166 0.0002855 0.000331374
167 0.00041695 0.000608688
168 0.000228949 0.000874567
169 0.00085909 0.000649206
170 0.000213086 0.000259124
171 0.000106868 6.17132e-05
172 0.000223942 0.00071927
173 0.000777659 5.23657e-05
174 0.000119691 0.000569118
175 0.00017667 0.000229973
176 0.000163912 0.00079885
177 0.000287809 0.000132056
178 0.000467698 0.00053606
179 0.000566884 0.000548744
180 0.00075172 8.43878e-05
181 0.000315798 0.00054019
182 0.000991373 0.000942256
183 0.000499914 0.000982176
184 0.000446012 5.1963e-05
185 0.000352386 0.000474466
186 0.000366675 0.000633901
187 0.000989066 0.000169616
188 0.00074906 0.000388674
189 0.0004515 0.000282798
190 0.00099052 0.000600144
191 0.000636243 0.000271857
192 0.000109207 0.000377017
193 0.000541949 0.000474603
194 0.000655019 0.000836239
195 0.000673618 0.000423039
196 2.88401e-05 0.000646205
197 0.00077979 0.000858498
198 0.000787326 0.000521296
199 0.000425179 0.000905469
200 0.000235792 0.000881842
